"relative_path","bytes","modified_utc","sha256"
".gitignore",103,"2026-09-24 21:01:11 UTC","132f7fe2a193ec2ffbbda950694c5179d8423904c53f128d90fcb1f386d21740"
"CLEANUP.md",1289,"2026-09-24 22:04:46 UTC","ded7d8578ab7d982e8199ddca92ccc3aa4d9cfb6b6c02f7b16a0825cc7098cfd"
"Proj_PodAndGrainRot.Rproj",267,"2026-09-25 11:18:42 UTC","405f12a55fa8981724a33a60c4701e94ac2c75270055dd982b9ca161f4149cdd"
"WORKFLOW.md",4321,"2026-09-25 12:48:02 UTC","a5e25fade3777be32441f6b1d2aab6260658c8747191cd3f8b9d5228154f842e"
"analysis/R/consolidated_analysis_utils.R",7731,"2026-09-24 22:09:02 UTC","ab53c79db7ba0c85bf076f163645e1fddb23e957ea0534bbd3c78d4bc354975a"
"analysis/R/panel_labels.R",2120,"2026-09-24 22:09:04 UTC","cd2044727da301fe0ff3b68832ab8d4d5633192e7f9301c4824bcc94ab4be8b3"
"analysis/R/v4_utils.R",11733,"2026-09-24 22:10:31 UTC","2903fc2c2d5128153004cdde875eca20c129cad36e9d0c7a097e8043e56703d1"
"analysis/README.md",2267,"2026-09-25 12:48:03 UTC","3d3959da223ca14adb9714f66dfd57363a7fec01c055348e346da44304eae74d"
"analysis/config/consolidated_analysis_specification.csv",674,"2026-09-24 22:11:34 UTC","aee20fa2d43a16d3a18779a906c3e84f33ed20e31d7cc5ed37d35874fc130126"
"analysis/config/frozen_duplicate_rule.csv",190,"2026-09-24 22:11:33 UTC","9e7be23d4ce29457524a6424df8dc2d7feb8d5603c7681998022caf41bbfcbfc"
"analysis/config/frozen_primary_specification.csv",1403,"2026-09-24 22:11:33 UTC","38cadfc5a43ed57ea6d8baa67dc98849a84b323de9d5327617ddfbb97387f98f"
"analysis/config/process_registry.csv",497,"2026-09-25 13:39:24 UTC","e4f067a7422725e8581aae9ad35fcecd1f499401709773a83a41e13eaca9de08"
"analysis/data/processed/meteorological_unit_cohort.csv",15384,"2026-09-24 22:11:33 UTC","7700b0348b598578040910bbcd78f2d3fdfd7cd1e2b699468bb62d14da4f600a"
"analysis/data/processed/meteorological_unit_cohort.rds",3877,"2026-09-24 22:11:33 UTC","972c6e14d30920c3bb6b524d7cd7fae0bf8c7f73a59237544fe4b6fd47d96e24"
"analysis/data/processed/meteorological_unit_weather.rds",96925,"2026-09-24 22:11:33 UTC","4de84e45a363774bcb2bbcb8a1c79455187001167649f0c99710ff612ce4afcf"
"analysis/data/processed/trial_cohort_v4.csv",14962,"2026-09-24 22:11:32 UTC","c427a5869d6c63f91ea7149765d9f1847addef1872d7228e5a02ff665225b9c1"
"analysis/data/processed/trial_cohort_v4.rds",3880,"2026-09-24 22:11:32 UTC","7e687273ff961daf9c54f2849485dfa0a013fecc4509f0241be500bd360a7a9a"
"analysis/data/processed/trial_cohort_v4_with_outcome_flags.csv",15416,"2026-09-24 22:11:34 UTC","6ddb4bb42a35de7b8e70b937ba579514a966dff96e14cda8cbf467a54bfa3250"
"analysis/data/processed/trial_cohort_v4_with_outcome_flags.rds",3919,"2026-09-24 22:11:34 UTC","8521ece2b3035bc6498ddbaffc3cc037fd2cc016c041883200c041008e6001d5"
"analysis/data/processed/weather_era5_absolute_days.csv",969536,"2026-09-24 22:11:25 UTC","1292663112113125edbe41a7dd66285d44ab9f124d0ef49751b6ca5d23218b06"
"analysis/data/processed/weather_era5_absolute_days.rds",97791,"2026-09-24 22:11:24 UTC","3cc00534bbc3e80bd302c167aefee480bcd24dc6d6eb460df8691f9b7cbb602f"
"analysis/data/spatial/brazil_states_all_2020.rds",1484937,"2026-09-14 16:36:13 UTC","db4a62d2082ee665e43330966ac5b39b421e4387e774cd213a7ce97e124c7e63"
"analysis/data/weather_cache_era5/T001_era5_100back.rds",2166,"2026-09-22 18:14:44 UTC","9ea80da8580b3be9a15339b5dc6e0782f0f45480a02067001925eef83558936e"
"analysis/data/weather_cache_era5/T002_era5_100back.rds",2181,"2026-09-22 18:14:44 UTC","0224f1e0f20a6458c92474acc9664fd765318f5dc88b008f616267ebceadad66"
"analysis/data/weather_cache_era5/T003_era5_100back.rds",2152,"2026-09-22 18:14:45 UTC","7050c8025a558de826140d828d7168bb7452af8c3884ddec26bc348cf0374788"
"analysis/data/weather_cache_era5/T004_era5_100back.rds",2178,"2026-09-22 18:14:45 UTC","031d17b0dfecbec1f868597d6e55a77d227f5e18750e8e53844b0ad74ec07005"
"analysis/data/weather_cache_era5/T005_era5_100back.rds",2168,"2026-09-22 18:14:45 UTC","7c7e03166b96fbfaf61ff645ca28fe9f4fd15a47cf43ca2d28dc3723ee1261f7"
"analysis/data/weather_cache_era5/T006_era5_100back.rds",2165,"2026-09-22 18:14:45 UTC","64d67e6e62b35a6a47db2fbe588754567ba2d3aad280ff68d256aabb02680643"
"analysis/data/weather_cache_era5/T007_era5_100back.rds",2167,"2026-09-22 18:14:46 UTC","da99df8c115e427afbe6936dbc356506b356dc8ce510f76d3c08a80249618698"
"analysis/data/weather_cache_era5/T008_era5_100back.rds",2184,"2026-09-22 18:14:46 UTC","cfd4c4f887fbef687cc52fd8595816bc07c9644b985375dfc6c850cce63290de"
"analysis/data/weather_cache_era5/T009_era5_100back.rds",2171,"2026-09-22 18:14:46 UTC","66a62de023feeae3726010734af6240424a7f8711c79c82d6ac4928e5cd3976e"
"analysis/data/weather_cache_era5/T010_era5_100back.rds",2177,"2026-09-22 18:14:46 UTC","c0e80946a89068246cf935663a146c5abce6604c91a25429284ba9680bf0afa2"
"analysis/data/weather_cache_era5/T011_era5_100back.rds",2159,"2026-09-22 18:14:47 UTC","80aed9e898b5ac429f9a51cf49a57378050a714cbfddce791d1e0bf0f5b21103"
"analysis/data/weather_cache_era5/T012_era5_100back.rds",2161,"2026-09-22 18:14:47 UTC","efe9bb5b6ff3f3f44472eb4aaabab80ff84ae33cdebe00f09a4de3e8eefbf310"
"analysis/data/weather_cache_era5/T013_era5_100back.rds",2150,"2026-09-22 18:14:47 UTC","37226dae3dcb15ca2030ce0324a4a4e4763d9a0be5d6181523354f5faf03b25e"
"analysis/data/weather_cache_era5/T014_era5_100back.rds",2157,"2026-09-22 18:14:48 UTC","d2423eb568d7d80cb6c5ec6c5d29b4acef28149c53dcb4318b21df131ecc0278"
"analysis/data/weather_cache_era5/T015_era5_100back.rds",2148,"2026-09-22 18:14:48 UTC","24913b504ee54aca43a393a0131ffdb15593995eeb8def744196d2833e9620f5"
"analysis/data/weather_cache_era5/T016_era5_100back.rds",2166,"2026-09-22 18:14:48 UTC","b6033a34ab959e32093a2e26bf5a8fd81f69b83210b18e116775d1e765c680cc"
"analysis/data/weather_cache_era5/T017_era5_100back.rds",2153,"2026-09-22 18:14:48 UTC","86f5f022a8f3000fabdf6a04398fb931fecfb9f8e70f05db6d55ad02f182a6bb"
"analysis/data/weather_cache_era5/T018_era5_100back.rds",2145,"2026-09-22 18:14:49 UTC","da13daa7df80a175467e3b23c9c668e31d1d1fe84540887fa5b767e1c7569434"
"analysis/data/weather_cache_era5/T019_era5_100back.rds",2144,"2026-09-22 18:14:49 UTC","781fb61390fe365f5bfe26f8bf096769437e872f1cb78ca7693f37e6f137d021"
"analysis/data/weather_cache_era5/T020_era5_100back.rds",2162,"2026-09-22 18:14:49 UTC","cd609a8efb62afb3877825302f28a528d67dd3de5430611db3f903b449fef6df"
"analysis/data/weather_cache_era5/T021_era5_100back.rds",2125,"2026-09-22 18:14:49 UTC","7d3a61bfeec94b4c4f46c4b85f269dd337de8a17f043ffab47f137a6858f1eaf"
"analysis/data/weather_cache_era5/T022_era5_100back.rds",2153,"2026-09-22 18:14:50 UTC","16f2a3df9844659d97e45733d3b776f28c0a8102199ca63f8b2a6abb4e37b201"
"analysis/data/weather_cache_era5/T023_era5_100back.rds",2146,"2026-09-22 18:14:50 UTC","126d872695789afa6c1b262ef2e980765e8f26f7ebf7c658c1b52c91bca9428b"
"analysis/data/weather_cache_era5/T024_era5_100back.rds",2134,"2026-09-22 18:14:50 UTC","7445badd81444d0dc2397c41db118b9d6f5e3cc7f6de7365c68cd16837593b5c"
"analysis/data/weather_cache_era5/T025_era5_100back.rds",2143,"2026-09-22 18:14:50 UTC","260e138775a66684ba3be55756782102b561a7c5762827a9edc0208621b67a0c"
"analysis/data/weather_cache_era5/T026_era5_100back.rds",2147,"2026-09-22 18:14:51 UTC","701d3b15270df0cddf42a8a5f0de2f1e70150edf3cfa8c1a4c886dcfe9cdfad7"
"analysis/data/weather_cache_era5/T027_era5_100back.rds",2134,"2026-09-22 18:14:51 UTC","dfdf0e2839aa5888bb5bf5be379247c478a05cbeddd9def2976457cfff5d962b"
"analysis/data/weather_cache_era5/T028_era5_100back.rds",2169,"2026-09-22 18:14:51 UTC","3f937975ff69f30e0f3239c212f57fc572dcb756f25604e53a7d09b61bcfd022"
"analysis/data/weather_cache_era5/T029_era5_100back.rds",2150,"2026-09-22 18:14:52 UTC","40b7c831f73559ac543bb9009556616b70ce9f1d9b1364eb27014bf8bac4aa17"
"analysis/data/weather_cache_era5/T030_era5_100back.rds",2190,"2026-09-22 18:14:52 UTC","20fb2d1c4dab2b4ef7dcb35e9166286619247b95ca80201ecd3ea79403fec429"
"analysis/data/weather_cache_era5/T031_era5_100back.rds",2147,"2026-09-22 18:14:52 UTC","4cbc01a354cabdd0cb02d5750c87509a099c5f7bafc702cb07fb9045eee1542c"
"analysis/data/weather_cache_era5/T032_era5_100back.rds",2162,"2026-09-22 18:14:52 UTC","699b4cb7328e137b9974e0b265d81f4d207cdd4cea4464299a92a1bb9573fdf9"
"analysis/data/weather_cache_era5/T033_era5_100back.rds",2136,"2026-09-22 18:14:53 UTC","9c217660c28bb3d6f05de36822aad18e193c648036ec07f9c888a1ea41e5e302"
"analysis/data/weather_cache_era5/T034_era5_100back.rds",2162,"2026-09-22 18:14:53 UTC","0771615fff935a418da16b20f851349b04dfe57b495a80f10d9fccfde4e76af1"
"analysis/data/weather_cache_era5/T035_era5_100back.rds",2155,"2026-09-22 18:14:53 UTC","51c5409365719fb99a9edd53c88ba03f9e0c797aac2a1901a4695b1faa4280c8"
"analysis/data/weather_cache_era5/T037_era5_100back.rds",2185,"2026-09-22 18:14:53 UTC","75363d28564018f90d18e3e75bf39c8d86424650be3bbac44c2bda6a95bc45b1"
"analysis/data/weather_cache_era5/T038_era5_100back.rds",2163,"2026-09-22 18:14:54 UTC","ad1b3f64cd3863e1643b18eaceb9955096138bae4065037f63a9e7046ebeb246"
"analysis/data/weather_cache_era5/T039_era5_100back.rds",2138,"2026-09-22 18:14:54 UTC","68d5ee692975dc8a436ddee901c075db4b6dceafd1f189d79558df21f0614e19"
"analysis/data/weather_cache_era5/T040_era5_100back.rds",2129,"2026-09-22 18:14:54 UTC","386d6c0484e91e88b75f01799c05f80d97d4ec9e8814fbbf559106ed3b60f85d"
"analysis/data/weather_cache_era5/V001_era5_100back.rds",2185,"2026-09-22 18:14:54 UTC","e088d720a2f1d2e197b417fb02f95bdb381fccef795668fead8fe02ad38a5a41"
"analysis/data/weather_cache_era5/V002_era5_100back.rds",2175,"2026-09-22 18:14:55 UTC","5f28dbbf5cf8b1facac5330b85d5adafb8778e0c5773519858d7e82a8f427439"
"analysis/data/weather_cache_era5/V003_era5_100back.rds",2161,"2026-09-22 18:14:55 UTC","ab5bdd3b97e81755d59f3850d63de9e486cf32ca1cf5a322dfb18a57bb12de2e"
"analysis/data/weather_cache_era5/V004_era5_100back.rds",2158,"2026-09-22 18:14:55 UTC","8d87b73a7deccb8fd88a5c0d7ab8b8c966635f2ad62376435473277418a99009"
"analysis/data/weather_cache_era5/V005_era5_100back.rds",2140,"2026-09-22 18:14:55 UTC","130ecec0a67735f53dec8ada3dc2f618bbf04f268f0f298aad74e3e5cb5dc96e"
"analysis/data/weather_cache_era5/V006_era5_100back.rds",2146,"2026-09-22 18:14:56 UTC","62c6d91e09f40d20620cbb5b9299d56b754502e4be07557ff1e83eb127ddf69b"
"analysis/data/weather_cache_era5/V007_era5_100back.rds",2185,"2026-09-22 18:14:56 UTC","3fef94788eca2eb08d9d1ea5bfd48b5eb78c965b81330804821674159fb405b4"
"analysis/data/weather_cache_era5/V008_era5_100back.rds",2157,"2026-09-22 18:14:56 UTC","37c12f383ccc09e5e7fa209c7ae12c762210383232bda65d2bef961d9f5c840c"
"analysis/data/weather_cache_era5/V009_era5_100back.rds",2154,"2026-09-22 18:14:56 UTC","310b5403ce701f6f8020315cf7a715055736ea9eded27bc7e5efaf50e0b1b42d"
"analysis/data/weather_cache_era5/V010_era5_100back.rds",2160,"2026-09-22 18:14:57 UTC","dd6a786ca56ad4e767c960004917c4723e886432702ebd1b396e280860b338f6"
"analysis/data/weather_cache_era5/V011_era5_100back.rds",2154,"2026-09-22 18:14:57 UTC","31a6486183b9356f57d2a94aeb74f976cefabb41024f142237c88903896247e7"
"analysis/data/weather_cache_era5/V012_era5_100back.rds",2132,"2026-09-22 18:14:57 UTC","53332a9daaf5f17d70be1bec16367df1d2fa4998d8305951718ff848d83ec412"
"analysis/data/weather_cache_era5/V013_era5_100back.rds",2163,"2026-09-22 18:14:58 UTC","27bbfaa66f8f5e5ad6229999882b6c59920c1ac7955379710f00377d74bdc171"
"analysis/data/weather_cache_era5/V014_era5_100back.rds",2136,"2026-09-22 18:14:58 UTC","e1f456dbf30f0c92cebc91e35b570261ae1f698780d3058c608ae647a907cf94"
"analysis/data/weather_cache_era5/V015_era5_100back.rds",2134,"2026-09-22 18:14:58 UTC","cc2c274928bf4e7f3df3270797420719d1b4ca219367822a9cdc39604f93594c"
"analysis/data/weather_cache_era5/V016_era5_100back.rds",2154,"2026-09-22 18:14:58 UTC","7d2766f45de20d20d65088035c440833b1db7e26088bd923ce15666d2ca75ff5"
"analysis/data/weather_cache_era5/V017_era5_100back.rds",2158,"2026-09-22 18:14:59 UTC","145c9dde4ee00ea7c0b65a2844ebf14bba7d7eb709ef6252911703ff4949a989"
"analysis/data/weather_cache_era5/V018_era5_100back.rds",2186,"2026-09-22 18:14:59 UTC","21d80651ba8934d6562051050129ba2d9824c146e4efaa97b934f61c771f0dc7"
"analysis/data/weather_cache_era5/V019_era5_100back.rds",2113,"2026-09-22 18:14:59 UTC","71f62e68c5f055f8e9299b964f3bf6101851528d490f15a6e3de42dd44f96754"
"analysis/data/weather_cache_era5/V020_era5_100back.rds",2104,"2026-09-22 18:14:59 UTC","fa67d30a54577f9461e147dd6712da1086335c8fe82f3670348347b89f1a23aa"
"analysis/data/weather_cache_era5/V021_era5_100back.rds",2128,"2026-09-22 18:15:00 UTC","0c6dab8eaab0019f1d12e4909c45ba76c9458bccc598db7a731e53c6d22fdc11"
"analysis/data/weather_cache_era5/V022_era5_100back.rds",2137,"2026-09-22 18:15:00 UTC","053323358e8f6f260022abbd456f6e64ca8f91c460992c1919e93d289e9a1242"
"analysis/data/weather_cache_era5/V023_era5_100back.rds",2134,"2026-09-22 18:15:00 UTC","e334a3b6d777ba0d2c8cc6d7519c09c3a3088995a5fed2b04a4b41f72a94e514"
"analysis/data/weather_cache_era5/V024_era5_100back.rds",2135,"2026-09-22 18:15:00 UTC","66dfbf2d0c8b9e7efb92a42769fdf776c1dadcdf61736f1d12c8b3cd4ff79656"
"analysis/data/weather_cache_era5/V025_era5_100back.rds",2134,"2026-09-22 18:15:01 UTC","6c367702db6c2ddacc3e04ac3c2c52dc1f750c66ea84c2b75a15f98d955fcbaa"
"analysis/data/weather_cache_era5/V026_era5_100back.rds",2137,"2026-09-22 18:15:01 UTC","587f36b5d914e63a9e0c9e2c5b21823a9cdc32b1d4dedc94ebfe457c6bcd1d21"
"analysis/data/weather_cache_era5/V027_era5_100back.rds",2144,"2026-09-22 18:15:01 UTC","5849b960d10153186140910d8cf745754d1d2fe2ac714f3c54b3a9b4a9d68202"
"analysis/data/weather_cache_era5/V028_era5_100back.rds",2167,"2026-09-22 18:15:01 UTC","36fe5781a58e6a9c2ecef71c4977de3ab413e89948c36bd38bf9692c1e0a33be"
"analysis/data/weather_cache_era5/V029_era5_100back.rds",2183,"2026-09-22 18:15:02 UTC","0f0f9af3b6bad48b54a744eea025d46312507e351106e7023577c6051af1ea21"
"analysis/data/weather_cache_era5/V030_era5_100back.rds",2169,"2026-09-22 18:15:02 UTC","c9b3017a67cf441a8ec8a168383165f10b15493d700c84d959247e465186308e"
"analysis/data/weather_cache_era5/V031_era5_100back.rds",2166,"2026-09-22 18:15:02 UTC","61a013e39ea298bfe93b9f3217f0d5dbba6ec7a8b20101aac4ea307e73f47a74"
"analysis/data/weather_cache_era5/V032_era5_100back.rds",2154,"2026-09-22 18:15:03 UTC","bbfd466bc0fa95ab24183b9122f7b560b5366ee96b90307dc9cf4e00a8e155bb"
"analysis/data/weather_cache_era5/V033_era5_100back.rds",2161,"2026-09-22 18:15:03 UTC","34af9b9bcb07abad33973ab234cf879ded0a25672f6e7d0f37a9885f5d8218cb"
"analysis/freeze/final/consolidated_results_manifest.csv",6061,"2026-09-24 22:12:47 UTC","e599f9e2b4dfbd4f963d59e32b945cf5e5094a113eb2353b25ebd498edb40c6d"
"analysis/freeze/final/final_figure_manifest.csv",4457,"2026-09-25 13:40:13 UTC","262474faaa073f08ba6ad8c0d93409fea308cd09c5af48a84e71e8e5adf7733f"
"analysis/freeze/preanalysis_freeze.csv",678,"2026-09-24 22:11:33 UTC","a87c77c806835174ff6c9c1bda48b84e9489764b59937cb93de8874b176067fa"
"analysis/models/final/consolidated_models.rds",8539025,"2026-09-24 22:12:46 UTC","af710b63b530122d0d99ac5c4a3958a9aa3fcd2966c7cc45758888cead725cf4"
"analysis/outputs/diagnostics/final/consolidated_verification.csv",1109,"2026-09-25 13:40:28 UTC","7a993310e42c5932e0bd548bd4ef07b072fb1c411d0935bdb33dee01dfc4e311"
"analysis/outputs/diagnostics/final/primary_model_adequacy.csv",1297,"2026-09-24 22:12:46 UTC","5ebaa4a195c81af4eebb66e0f5eb45e56f755142ce4a8b1efc09d0227a06d497"
"analysis/outputs/diagnostics/final/primary_model_residuals.csv",72416,"2026-09-24 22:12:46 UTC","78655c802da9c8709bfb55f20dc46a16640c4f1f5aac200118f2038160ee9daa"
"analysis/outputs/spatial/trial_field_locations.gpkg",139264,"2026-09-14 17:10:27 UTC","d24f5f90469ae5200707b93f24abda7f2a90427f83634008a62830c5f54cda32"
"analysis/outputs/tables/cohort_exclusions.csv",422,"2026-09-24 22:11:13 UTC","da3c80c171547b6f397128c2a9569c371ab4a2787ba9f1f3ab120670ace9f08c"
"analysis/outputs/tables/final/analysis_completeness_audit.csv",1370,"2026-09-24 22:12:46 UTC","0b55ce72c589cfacf2a4f7cd6211e5b43139be8ca14ab5c3b1ab66ff35adb03e"
"analysis/outputs/tables/final/loso_broad_coefficients.csv",40992,"2026-09-24 22:12:45 UTC","0ae25b101a4eab84f47c37f0571c606373720d3c1c7d100ff96f448be7e5afc1"
"analysis/outputs/tables/final/loso_broad_global_tests.csv",3671,"2026-09-24 22:12:45 UTC","a2024a4245101e3708052339f09b8ccc6e923de06b7688b421913deadf47bc35"
"analysis/outputs/tables/final/loso_functional_contrasts.csv",21569,"2026-09-24 22:12:45 UTC","1873791846ad46c6fce1374089e5e89bd3cb9dbed8661d2f4d158e37ee022531"
"analysis/outputs/tables/final/loso_functional_curves.csv",189182,"2026-09-24 22:12:45 UTC","f30c1ba365ce54f81a1f8ef9f9c1152a68c30aaeee0d81c06eb6032000eb0017"
"analysis/outputs/tables/final/loso_functional_global_tests.csv",3725,"2026-09-24 22:12:45 UTC","154560a8abd1dc64d7cde07ca06a1eb408b097a01baa048252ef752b41869247"
"analysis/outputs/tables/final/primary_broad_coefficients.csv",10235,"2026-09-24 22:12:45 UTC","7a80606216efff51ce39b1a8931ae56480884859cf3d5dae34c729ed92616ed5"
"analysis/outputs/tables/final/primary_broad_global_tests.csv",1041,"2026-09-24 22:12:45 UTC","2cda789442c4e81e7ff4e2c3533e0a14a05362411e6849c8585a6c40832ee50e"
"analysis/outputs/tables/final/primary_functional_contrasts.csv",8615,"2026-09-24 22:12:45 UTC","c93e8eaa48f93715be39131ea3afcd7fb64417a877e0daecc0b4cc42139f8dd8"
"analysis/outputs/tables/final/primary_functional_curves.csv",90848,"2026-09-24 22:12:45 UTC","60d18cae01348ae2743051a2d25c8966e467a0d58d04f000dd2d352eb410a0f3"
"analysis/outputs/tables/final/primary_functional_global_tests.csv",1069,"2026-09-24 22:12:45 UTC","802a265e9edd3c3d86b4d8320a36cbc70fef0842d3689118121e6d62c0a3d29a"
"analysis/outputs/tables/final/process_registry.csv",572,"2026-09-25 13:39:25 UTC","0ed5ac24b2f2a6f8efe37290d9ae7ca6717fbd1083ef9491f371daf6921c08a3"
"analysis/outputs/tables/final/process_support_summary.csv",634,"2026-09-24 22:12:46 UTC","972a0704846b9fa36ddcb9639bca2815b73212bf586f5eb6c99f541de3f302dd"
"analysis/outputs/tables/final/sensitivity_broad_coefficients.csv",31310,"2026-09-24 22:12:45 UTC","e69cc2485c859f43dc15aeda59f01744a99a995294ba63fcde47d38725694542"
"analysis/outputs/tables/final/sensitivity_broad_global_tests.csv",2836,"2026-09-24 22:12:45 UTC","1cd7e076e8c78193fde289785d842af72bfb2de56e7393b1b4f51086bbc1ba42"
"analysis/outputs/tables/final/sensitivity_functional_contrasts.csv",26525,"2026-09-24 22:12:45 UTC","7edccf4ef422737a7e9736feedc647ad0251923856a28e4f8687ff20d6d71d97"
"analysis/outputs/tables/final/sensitivity_functional_curves.csv",284310,"2026-09-24 22:12:45 UTC","37f60f9e2762e294450408a42f4dc5b1b9da13b2ee16be2c38093d4606897d83"
"analysis/outputs/tables/final/sensitivity_functional_global_tests.csv",2874,"2026-09-24 22:12:45 UTC","8c9e525fbd0c63be07cab028d0e88adaf5166ec7caae08b9dd071e8273b0c4e5"
"analysis/outputs/tables/meteorological_similarity_pairs.csv",181861,"2026-09-24 22:11:32 UTC","bb6f584ee63f3dd334da4f6520ead731ff8a4b80bc7ced685f8801eff6f3b3ec"
"analysis/outputs/tables/meteorological_unit_map.csv",4660,"2026-09-24 22:11:32 UTC","6e47722e07b57c4bc4410129813811fc02002f88ac93e1ff971404525b61c0a4"
"analysis/outputs/tables/pre_sowing_exposure_audit.csv",296,"2026-09-24 22:11:32 UTC","48ca009f24d9ec64be460e98c98dcaec625483b51a513652ed89c501eac3b7f7"
"analysis/outputs/tables/temporal_anchor_conclusion.csv",339,"2026-09-24 22:11:13 UTC","4dd7a47b30df8023333d758b5123211664158278aba563c29c474e49332e9941"
"analysis/outputs/tables/temporal_anchor_document_audit.csv",309,"2026-09-24 22:11:13 UTC","b910070b3b8c0ddfce71f0aabacd6b49bad845a0554e439c8f33a8e54b5b8d04"
"analysis/outputs/tables/trial_counts_by_era5_location.csv",665,"2026-09-25 13:39:42 UTC","afdc59d98533741a2e203f67986052766d9db4356bba8342fcef254da5ac15ad"
"analysis/outputs/tables/trial_counts_by_field_coordinate.csv",1672,"2026-09-25 13:39:42 UTC","748a9c9f7f50e03f74553a9cd02874c1c6d9eea9b065ae73add7b87d58af4ca7"
"analysis/outputs/tables/weather_quality_audit.csv",2911,"2026-09-24 22:11:24 UTC","6722a565c22f4ca2bedab08020a989cd4b551b99fe6f8a507ed6195613bd3c9c"
"analysis/provenance/era5_retrieval_manifest.csv",23851,"2026-09-24 22:11:24 UTC","896673e65425839dea27d2eec8d9bf523fc7c5472043af8f83afdecd3f1d3198"
"analysis/provenance/input_manifest.csv",458,"2026-09-24 22:11:11 UTC","671bff8e94c6cd1c755cc26771ee2950cc57474469466ee4dee97d5d9c7d40ef"
"analysis/provenance/sessionInfo_consolidated_analysis.txt",530,"2026-09-24 22:12:47 UTC","7e9c212df17496d714bcdc51c02164c1ae1d9d22be33efea1f09470eb1e80efe"
"analysis/provenance/sessionInfo_final_figures.txt",1404,"2026-09-25 13:40:13 UTC","871543f617f7d97c8e1a39d6971b590c7e1c2f67bed03e814b3be297a5880ffb"
"analysis/provenance/sessionInfo_prepare.txt",1342,"2026-09-24 22:11:33 UTC","e61ed2a3885b24f4bf6ac5a099f8dc3e275cc43d5b666fee413b3801d970e1b1"
"analysis/provenance/sessionInfo_trial_location_map.txt",1252,"2026-09-25 13:39:45 UTC","6f7b9856c032d79edf2c3fb7635c01632c884c0b497460d5e67c403c61e8f38f"
"analysis/provenance/trial_location_map_provenance.csv",821,"2026-09-25 13:39:45 UTC","2e00a83ac2eeb37717538fae790acaa352023cf78481ad6d504f2c8a015dfbf5"
"analysis/refund_sensitivity/README.md",1257,"2026-09-25 12:37:40 UTC","6c9247a7f18e42407834147258c2e7d55780d25d309cf438121681cf937fc381"
"analysis/refund_sensitivity/config/frozen_refund_specification.csv",583,"2026-09-25 11:44:32 UTC","ae414487c6382d1bc1f653ad6eaaa1d90e5e538923138fd39675b68ff2d34716"
"analysis/refund_sensitivity/config/matched_refund_specification.csv",440,"2026-09-25 12:06:31 UTC","4d54213f57fd7fb012dedb356a064c6570ee2d7467da95905d46b8f745c4fc02"
"analysis/refund_sensitivity/models/matched_refund_models.rds",3885104,"2026-09-25 12:06:31 UTC","df6843cd36a98a095abe04b7769e101babb85de4098b104e0e1939b866a140d6"
"analysis/refund_sensitivity/models/refund_sensitivity_models.rds",3901455,"2026-09-25 11:44:32 UTC","96618d9d63acd80037e473a1b27c330f40b974ec821d3e0adef494daaa6a56fd"
"analysis/refund_sensitivity/outputs/figures/figure0_parameterization_matched_curves.png",255928,"2026-09-25 12:08:06 UTC","2d73e7ae7d8f9a15f1045a9f8d0d4de247d6ababc75fa8d95767345c5b2edc6b"
"analysis/refund_sensitivity/outputs/figures/figure1_curve_method_comparison.png",282227,"2026-09-25 12:08:07 UTC","43d6a63581eec16099a5bbac286fb8f1fdd22202aadde6c9230577a27624afb4"
"analysis/refund_sensitivity/outputs/figures/figure2_interval_contrast_comparison.png",188934,"2026-09-25 12:08:07 UTC","709f62670acbd3118720ea7f89beb5e104d76aece8c5df04b574765e3571fa6b"
"analysis/refund_sensitivity/outputs/figures/figure3_refund_loso_stability.png",420377,"2026-09-25 12:08:08 UTC","fd1deeeecb652aa60de8c3aec54d4f73f78941d9bf6b5d1dcf63165c055887a3"
"analysis/refund_sensitivity/outputs/figures/matched_only/figure1_matched_coefficient_curves.png",237034,"2026-09-25 12:16:35 UTC","d019af65aa9e82c4adedede1756fad5e5c7c1cbac781d03450ee722d4aaf6085"
"analysis/refund_sensitivity/outputs/figures/matched_only/figure2_matched_interval_contrasts.png",187640,"2026-09-25 12:16:36 UTC","47327d70767226e9db254f49a47d97e81ce6f14a723a30dc06e46c3c37d308fa"
"analysis/refund_sensitivity/outputs/figures/penalized_comparison/figure1_penalized_curve_comparison.png",283637,"2026-09-25 12:38:04 UTC","de0789883d52717dde3c71ff0770d912b889e42bb7552d157220c2565907bd43"
"analysis/refund_sensitivity/outputs/figures/penalized_comparison/figure2_penalized_interval_comparison.png",190154,"2026-09-25 12:38:05 UTC","976d8f35081795b8f09edc3833dca91cf94fc5b072391cd631af52c86759b79e"
"analysis/refund_sensitivity/outputs/figures/penalized_comparison/figure3_penalized_loso.png",420377,"2026-09-25 12:38:06 UTC","fd1deeeecb652aa60de8c3aec54d4f73f78941d9bf6b5d1dcf63165c055887a3"
"analysis/refund_sensitivity/outputs/tables/global_and_curve_comparison.csv",836,"2026-09-25 11:44:32 UTC","aef6975c8e510b75ebed5fba49cde9dacd6eac127f4ac433a7841c49e3757f6e"
"analysis/refund_sensitivity/outputs/tables/interval_contrast_comparison.csv",4325,"2026-09-25 11:44:32 UTC","c6fd7ba245eb2f8db4a520f61a0f3c7da3b29c662da4b4153fe0c756e904f16e"
"analysis/refund_sensitivity/outputs/tables/matched_refund_comparison.csv",967,"2026-09-25 12:06:30 UTC","24d0c7cfdeb105d6a24617fef667745ae76edc85c8617bcd7847550692baf621"
"analysis/refund_sensitivity/outputs/tables/matched_refund_functional_curves.csv",65728,"2026-09-25 12:06:30 UTC","1dd49835aae356a679583904cbe1880e43e587a6b9e4fb87c1e98d22e35e7422"
"analysis/refund_sensitivity/outputs/tables/matched_refund_global_tests.csv",819,"2026-09-25 12:06:30 UTC","5b23ef8ffab7f589f54f3ed07a74065a6e501e2feb6446d14f016dc7255c3228"
"analysis/refund_sensitivity/outputs/tables/matched_refund_interval_contrasts.csv",3040,"2026-09-25 12:06:30 UTC","0587270c21ead736bd0b0cac3dcdfe112330eb132e1cb2461406054fb7053f21"
"analysis/refund_sensitivity/outputs/tables/matched_refund_loso_comparison.csv",362,"2026-09-25 12:16:36 UTC","e3b6f1a89a6dcd831195e39dd4e7817460a631c79e08d76f2c7a7946093e83d4"
"analysis/refund_sensitivity/outputs/tables/matched_refund_loso_curves.csv",106410,"2026-09-25 12:06:30 UTC","7cb37891d62566b7004e4b48dc29c390850bd255a088ff08b07c5cad16aa540b"
"analysis/refund_sensitivity/outputs/tables/matched_refund_loso_global_tests.csv",1529,"2026-09-25 12:06:30 UTC","f83614771b71750aad13572d99edf97261dff440f3cad9b624b72ffead061dec"
"analysis/refund_sensitivity/outputs/tables/penalized_association_survival.csv",346,"2026-09-25 12:38:06 UTC","aada67737f507444eb3b0e4081fdad2b7ea1ee22f4e1fa162ceb91b060428580"
"analysis/refund_sensitivity/outputs/tables/refund_functional_curves.csv",65953,"2026-09-25 11:44:28 UTC","206e5b158860fa8f1ebc67cc8e34af280d495b903e5e622d0671b3cf2a4eb0e9"
"analysis/refund_sensitivity/outputs/tables/refund_global_tests.csv",1005,"2026-09-25 11:44:32 UTC","b118341fd519d8e5ba21fb4470044026105fbb1b5fc4e7c82c06967e23959d89"
"analysis/refund_sensitivity/outputs/tables/refund_interval_contrasts.csv",4828,"2026-09-25 11:44:32 UTC","4fa67d13d31fc16b009bd1eb578299eb88b17cd68bb6829d3b9b76fb1ea565db"
"analysis/refund_sensitivity/outputs/tables/refund_loso_curves.csv",106540,"2026-09-25 11:44:32 UTC","1593d6d4d65552792983e2570c4f17e1cb653fb4bb53b0ec8f56e0c1d393ecae"
"analysis/refund_sensitivity/outputs/tables/refund_loso_global_tests.csv",1724,"2026-09-25 11:44:32 UTC","11c036c6ba32e53939df521349b04f49073d0c8650657db9bdae03eed898ac69"
"analysis/refund_sensitivity/provenance/manifest.csv",9893,"2026-09-25 12:38:16 UTC","5cc38b5a5fa82f88dc676862c918ae2a5ea716e7a9756def113fd66345a0ce40"
"analysis/refund_sensitivity/provenance/sessionInfo.txt",1481,"2026-09-25 11:44:32 UTC","a1bc853dab641c15cb7bcb7bac1581f547132b0237ee99cd4c22f703e1e37ff4"
"analysis/refund_sensitivity/provenance/verification_audit.csv",502,"2026-09-25 12:38:14 UTC","cd140e74a7d94a9b4f0e8ef915f28bb80be0e79a779ba19a4753dd08bac6d98d"
"analysis/refund_sensitivity/report/refund_comparison_report.html",3102640,"2026-09-25 12:38:13 UTC","82a1c7a3195368b61f60d0fde42402e9e751f2abf130e4cc987583922a7ff81d"
"analysis/refund_sensitivity/report/refund_comparison_report.qmd",6144,"2026-09-25 12:38:06 UTC","194ef8118e5d744ff962fdc2595a2e59f258a36edb626f58877f8ee3c33bf00c"
"analysis/refund_sensitivity/run_all.R",592,"2026-09-25 12:35:37 UTC","dc2db439f4d3f3f48944723d2bdfadb29666f6933ffed1c333391822847a79f0"
"analysis/refund_sensitivity/scripts/01_fit_refund_sensitivity.R",12991,"2026-09-25 11:36:23 UTC","71224c5d287e0508818887cae33ecb100fe340458f86ae44e837676005a98b7b"
"analysis/refund_sensitivity/scripts/01b_fit_parameterization_matched.R",10413,"2026-09-25 12:04:55 UTC","d4882334c13eacec8b2744b46b65a4318c189c608b45fff005a45e6ede3d664c"
"analysis/refund_sensitivity/scripts/02_build_comparison_report.R",14007,"2026-09-25 12:36:56 UTC","086b4251a43db9ef3ba7ac59b4744c3d61830682bc055dcd2c0878b9581e31b6"
"analysis/refund_sensitivity/scripts/03_verify_refund_sensitivity.R",3754,"2026-09-25 12:37:30 UTC","c7d7737bbd2e988a64dc6767a4beb7a26ff01f9fe99da14e30b7943f69dbe2da"
"analysis/run_all.R",126,"2026-09-19 13:11:02 UTC","717cdcf88f877b4677695744daf93fcd48562fd1ef7059fb7c351ebaedb585f7"
"analysis/scripts/01_prepare_data_weather.R",20191,"2026-09-24 22:10:33 UTC","a35c2574981b4e55016e6971dd7ef814c664a4fb5073d38ff3b2af4a8d560a91"
"analysis/scripts/02_fit_consolidated_analysis.R",11018,"2026-09-24 22:08:58 UTC","36f96953b34f555ae32abe78c2924f5993568bdaf3e35582899551c7c58da324"
"analysis/scripts/03_render_figures.R",27787,"2026-09-25 13:39:33 UTC","1d67ce15c13bd09499f8142ca079ed98870a09e8266ed6c0888aea46da0cd630"
"analysis/scripts/04_verify_analysis.R",6095,"2026-09-25 12:48:00 UTC","d3b80234c76cda1170a7a00638836601999c66f5dab6385d2d02a6da84fbeba7"
"analysis/scripts/10_trial_location_map.R",11408,"2026-09-24 22:03:33 UTC","427c4e98196bbd365127970f3bc73d19ef6ce41eb8c11131b7e46f515164dc2d"
"audit_dependencies.R",1292,"2026-09-25 11:46:54 UTC","1a7a60f751309b2fca11b9272ef67f03d9085c5e283dd5dfa895affd9f2bd7cb"
"data/raw/ValidationTrials.xlsx",8422,"2026-09-05 14:37:25 UTC","152bb15dad367ad0b3cfc79fc677d373aeb79d09123a28e02055f04aceb882e9"
"data/raw/trial_data_source.csv",4900,"2026-08-19 18:20:13 UTC","cdcc252c3e72a10546c99b241802e802358e62efd15f58cd0ff1bac049bff055"
"figures/figure1_trial_locations_map.png",139094,"2026-09-25 13:39:45 UTC","e70ac5b0e45a00fbf17bb0c0ed74ef2a74e7ecf7bda7df998fc482aaa8eebc00"
"figures/figure2_all_process_broad_intervals.png",83131,"2026-09-25 13:39:47 UTC","614b520e104e087234ddcc6ff2a8c48a4f4b2b73a3f2c9424ff006d2eeecfc5e"
"figures/figure3_all_process_functional_curves.png",101436,"2026-09-25 13:39:49 UTC","c019ffe756407cd870c5c20201425ab1a4adce6891cf9ce89417ed0bad99f621"
"figures/figure3b_functional_pointwise_bootstrap.png",109249,"2026-09-25 13:39:51 UTC","9d4d2a6cecd08d21ec45d40d2feca7ee870c461a4c32fd683a17d16feddb8c29"
"figures/figure4_all_process_shared_sensitivities.png",102647,"2026-09-25 13:39:57 UTC","7ee502e6d9849eb96d35d51554593faf43b54ab795cb0d418caefd357800038f"
"figures/figure4b_functional_shared_sensitivities.png",149209,"2026-09-25 13:40:02 UTC","32ae3388e7ef1fac713492c2db811980891e2a69e3ed37608e0b56d5a12fa584"
"figures/figure5_all_process_loso_stability.png",97464,"2026-09-25 13:40:01 UTC","e6fb054653836413fdd5dbc1c78ac03a7fd5fa230d3582de6d6aa7a139057009"
"figures/figure5b_functional_loso_stability.png",148931,"2026-09-25 13:40:03 UTC","cf4339fac2dd71b3b3508dd4ac321ce4de406e9d937e57f21a946021fcf7d645"
"figures/figure6_days_after_sowing.png",58346,"2026-09-25 13:40:04 UTC","700d0f72e63268b62587aecd823b3417399cc5d8cfa738319904be847b1618bd"
"figures/figure8_ga_distributions.png",85862,"2026-09-25 13:39:54 UTC","a12062a2d9d8995372b9ee937f7d96c8795486260a3cd2aee5ac510e40f6917f"
"figures/figureS1_process_correlations.png",48967,"2026-09-25 13:40:05 UTC","fe6b2629792e51cf811c397b309880f67328f66c6a25e4d9104d085ef32fa253"
"figures/figureS2_fit_and_stability.png",99385,"2026-09-25 13:40:06 UTC","0150b99c5b1b9336271122afa795c20733edb2385caff521086a3d5e8a3f5525"
"figures/figureS3_functional_coefficient_heatmap.png",37176,"2026-09-25 13:40:06 UTC","9a3301cb91d099e437d34678dfe341beea66d34f002d2ab760d81bb39175ad27"
"figures/figureS4_broad_residual_vs_fitted.png",83666,"2026-09-25 13:40:08 UTC","dc6ce5ec3cf5a0a1b6bfb0b203d4927ab7b0741a087b459ca6c81168b4191aea"
"figures/figureS5_broad_normal_qq.png",73435,"2026-09-25 13:40:08 UTC","53beb4eae470851d447d99072df53856ac352f50e5a092cd0091120835eabe56"
"figures/figureS6_functional_residual_vs_fitted.png",76712,"2026-09-25 13:40:09 UTC","e25efe4431726d17102ac9c1646a73f4163187c5c9e196ce3136547179ed33de"
"figures/figureS7_functional_normal_qq.png",74024,"2026-09-25 13:40:10 UTC","72e24f982924c450d635faef7f5ea292f52d75df4f4d8961289cf997b9c35af8"
"figures/figureS8_refund_penalized_curves.png",115613,"2026-09-25 13:40:11 UTC","52935b41a11a6fbb64c68c5bd04fd921310f39c009d38d4260c166e02abdafc5"
"figures/figureS9_refund_penalized_contrasts.png",75182,"2026-09-25 13:40:12 UTC","7ed4ebf76ae8cc2d42e8e25d1a30c312bb2b86228447de4a65b6c567702c1b19"
"install_dependencies.R",969,"2026-09-25 12:51:25 UTC","8d8c88e4522cb2bacd9251c05da8e78b0bbfb20494577b4cf8f7bd847267fd6c"
"make_project_manifest.R",1759,"2026-09-24 22:03:37 UTC","2619cfc5802e06d7aad3bd177c6a7adea7652c2be19a24368129bc9f5ba71e6f"
"required_package_manifest.csv",3051,"2026-09-25 12:59:53 UTC","923990b8358795dd85fa0325568182c4da8cf7f00d4b46be5f008a83ed1a50a3"
"run_final_analysis.R",728,"2026-09-25 12:47:57 UTC","6ae0f3bba350be9a830df26dbcec4e39196e966bb18b9f51c6c885058aa4cf64"
